1 0
2 0
3 0
4 0
15 0
43 0
112 0
130 0
249 0
258 0
0 1
2 1
0 2
1 2
0 3
4 3
12 3
13 3
14 3
15 3
43 3
44 3
45 3
46 3
60 3
125 3
126 3
127 3
145 3
151 3
152 3
153 3
163 3
164 3
165 3
175 3
176 3
248 3
249 3
273 3
312 3
313 3
322 3
323 3
329 3
370 3
372 3
373 3
0 4
3 4
14 4
15 4
43 4
44 4
45 4
46 4
175 4
176 4
198 4
200 4
201 4
203 4
230 4
234 4
235 4
236 4
237 4
248 4
249 4
253 4
297 4
312 4
313 4
372 4
373 4
6 5
7 5
5 6
7 6
189 6
190 6
191 6
192 6
5 7
6 7
25 7
61 7
62 7
63 7
64 7
136 7
188 7
341 7
342 7
343 7
9 8
10 8
11 8
8 9
10 9
11 9
66 9
67 9
68 9
8 10
9 10
11 10
8 11
9 11
10 11
3 12
13 12
14 12
15 12
16 12
17 12
18 12
19 12
273 12
3 13
12 13
14 13
15 13
3 14
4 14
12 14
13 14
15 14
44 14
45 14
46 14
175 14
176 14
277 14
278 14
333 14
365 14
366 14
367 14
0 15
3 15
4 15
12 15
13 15
14 15
44 15
45 15
46 15
152 15
153 15
175 15
176 15
248 15
249 15
312 15
313 15
322 15
323 15
370 15
372 15
12 16
17 16
28 16
57 16
171 16
200 16
257 16
260 16
364 16
12 17
16 17
57 17
171 17
200 17
257 17
260 17
364 17
12 18
19 18
207 18
12 19
18 19
21 20
22 20
23 20
32 20
108 20
219 20
220 20
231 20
232 20
267 20
286 20
287 20
20 21
22 21
23 21
20 22
21 22
23 22
49 22
50 22
51 22
53 22
54 22
219 22
226 22
227 22
20 23
21 23
22 23
78 23
139 23
219 23
228 23
231 23
232 23
267 23
25 24
26 24
27 24
7 25
24 25
26 25
27 25
39 25
94 25
103 25
104 25
105 25
106 25
107 25
123 25
124 25
154 25
196 25
197 25
230 25
233 25
250 25
272 25
294 25
295 25
296 25
305 25
314 25
315 25
316 25
24 26
25 26
27 26
24 27
25 27
26 27
16 28
30 29
31 29
32 29
33 29
34 29
35 29
50 29
75 29
218 29
29 30
31 30
32 30
33 30
29 31
30 31
32 31
33 31
34 31
35 31
50 31
75 31
215 31
216 31
217 31
218 31
306 31
368 31
369 31
20 32
29 32
30 32
31 32
33 32
34 32
35 32
108 32
218 32
219 32
220 32
29 33
30 33
31 33
32 33
29 34
31 34
32 34
35 34
218 34
29 35
31 35
32 35
34 35
37 36
36 37
303 37
304 37
39 38
25 39
38 39
172 39
173 39
174 39
238 39
239 39
281 39
325 39
41 40
42 40
240 40
241 40
242 40
243 40
40 41
42 41
51 41
169 41
240 41
241 41
242 41
243 41
274 41
275 41
276 41
363 41
40 42
41 42
274 42
275 42
276 42
0 43
3 43
4 43
65 43
3 44
4 44
14 44
15 44
45 44
46 44
175 44
176 44
322 44
323 44
3 45
4 45
14 45
15 45
44 45
46 45
175 45
176 45
3 46
4 46
14 46
15 46
44 46
45 46
175 46
176 46
48 47
47 48
66 48
73 48
180 48
181 48
182 48
225 48
22 49
50 49
51 49
52 49
22 50
29 50
31 50
49 50
51 50
75 50
94 50
99 50
159 50
168 50
169 50
306 50
307 50
321 50
336 50
22 51
41 51
49 51
50 51
75 51
99 51
115 51
116 51
168 51
169 51
265 51
266 51
290 51
363 51
49 52
169 52
22 53
54 53
22 54
53 54
56 55
99 55
109 55
193 55
194 55
55 56
16 57
17 57
58 57
59 57
57 58
59 58
57 59
58 59
303 59
356 59
357 59
358 59
3 60
163 60
164 60
165 60
7 61
62 61
63 61
64 61
7 62
61 62
63 62
7 63
61 63
62 63
7 64
61 64
263 64
264 64
298 64
299 64
300 64
301 64
344 64
345 64
43 65
99 65
100 65
101 65
109 65
110 65
9 66
48 66
67 66
68 66
69 66
70 66
71 66
72 66
73 66
74 66
79 66
80 66
120 66
121 66
122 66
168 66
247 66
284 66
362 66
9 67
66 67
68 67
79 67
80 67
9 68
66 68
67 68
69 68
70 68
74 68
79 68
80 68
284 68
66 69
68 69
70 69
71 69
72 69
74 69
118 69
149 69
213 69
302 69
327 69
328 69
347 69
348 69
349 69
350 69
377 69
378 69
66 70
68 70
69 70
71 70
72 70
74 70
66 71
69 71
70 71
72 71
118 71
302 71
66 72
69 72
70 72
71 72
149 72
48 73
66 73
66 74
68 74
69 74
70 74
284 74
29 75
31 75
50 75
51 75
168 75
169 75
77 76
78 76
76 77
78 77
23 78
76 78
77 78
66 79
67 79
68 79
80 79
66 80
67 80
68 80
79 80
120 80
121 80
122 80
82 81
83 81
84 81
85 81
86 81
87 81
88 81
81 82
83 82
84 82
85 82
86 82
87 82
88 82
261 82
262 82
81 83
82 83
84 83
85 83
86 83
87 83
88 83
81 84
82 84
83 84
85 84
86 84
87 84
88 84
105 84
259 84
261 84
262 84
81 85
82 85
83 85
84 85
86 85
87 85
88 85
105 85
259 85
261 85
262 85
81 86
82 86
83 86
84 86
85 86
87 86
88 86
81 87
82 87
83 87
84 87
85 87
86 87
88 87
105 87
259 87
261 87
262 87
81 88
82 88
83 88
84 88
85 88
86 88
87 88
90 89
91 89
89 90
91 90
129 90
130 90
131 90
132 90
133 90
187 90
89 91
90 91
129 91
130 91
131 91
132 91
133 91
187 91
93 92
94 92
95 92
96 92
97 92
98 92
92 93
94 93
95 93
96 93
97 93
98 93
25 94
50 94
92 94
93 94
95 94
96 94
97 94
98 94
177 94
178 94
179 94
285 94
307 94
336 94
337 94
338 94
361 94
92 95
93 95
94 95
96 95
97 95
98 95
140 95
92 96
93 96
94 96
95 96
97 96
98 96
177 96
361 96
92 97
93 97
94 97
95 97
96 97
98 97
92 98
93 98
94 98
95 98
96 98
97 98
50 99
51 99
55 99
65 99
100 99
101 99
102 99
109 99
110 99
144 99
193 99
194 99
65 100
99 100
101 100
102 100
310 100
65 101
99 101
100 101
158 101
279 101
359 101
360 101
99 102
100 102
25 103
104 103
105 103
106 103
107 103
25 104
103 104
105 104
106 104
25 105
84 105
85 105
87 105
103 105
104 105
106 105
184 105
259 105
25 106
103 106
104 106
105 106
107 106
282 106
283 106
371 106
25 107
103 107
106 107
124 107
154 107
155 107
157 107
20 108
32 108
55 109
65 109
99 109
110 109
193 109
194 109
65 110
99 110
109 110
112 111
113 111
114 111
0 112
111 112
113 112
114 112
130 112
134 112
135 112
188 112
258 112
311 112
351 112
352 112
353 112
354 112
355 112
111 113
112 113
114 113
130 113
134 113
311 113
111 114
112 114
113 114
171 114
346 114
51 115
116 115
317 115
318 115
319 115
320 115
51 116
115 116
118 117
119 117
208 117
69 118
71 118
117 118
119 118
213 118
302 118
347 118
348 118
349 118
350 118
117 119
118 119
66 120
80 120
121 120
122 120
66 121
80 121
120 121
122 121
168 121
247 121
66 122
80 122
120 122
121 122
25 123
124 123
25 124
107 124
123 124
233 124
254 124
255 124
3 125
126 125
127 125
128 125
326 125
329 125
3 126
125 126
127 126
128 126
326 126
329 126
3 127
125 127
126 127
128 127
326 127
329 127
339 127
340 127
125 128
126 128
127 128
90 129
91 129
130 129
131 129
132 129
133 129
0 130
90 130
91 130
112 130
113 130
129 130
131 130
132 130
133 130
134 130
135 130
258 130
90 131
91 131
129 131
130 131
132 131
133 131
187 131
90 132
91 132
129 132
130 132
131 132
133 132
90 133
91 133
129 133
130 133
131 133
132 133
112 134
113 134
130 134
188 134
351 134
352 134
353 134
354 134
355 134
112 135
130 135
7 136
137 136
341 136
342 136
136 137
139 138
23 139
138 139
205 139
206 139
228 139
229 139
95 140
142 141
143 141
144 141
141 142
143 142
144 142
141 143
142 143
144 143
99 144
141 144
142 144
143 144
193 144
3 145
146 145
147 145
145 146
147 146
145 147
146 147
149 148
150 148
269 148
292 148
69 149
72 149
148 149
150 149
269 149
270 149
292 149
293 149
148 150
149 150
3 151
3 152
15 152
153 152
3 153
15 153
152 153
25 154
107 154
155 154
156 154
157 154
107 155
154 155
154 156
107 157
154 157
101 158
50 159
160 159
161 159
162 159
321 159
159 160
161 160
159 161
160 161
162 161
159 162
161 162
3 163
60 163
164 163
165 163
3 164
60 164
163 164
165 164
3 165
60 165
163 165
164 165
167 166
168 166
169 166
166 167
168 167
169 167
204 167
50 168
51 168
66 168
75 168
121 168
166 168
167 168
169 168
204 168
247 168
288 168
289 168
290 168
291 168
41 169
50 169
51 169
52 169
75 169
166 169
167 169
168 169
265 169
266 169
335 169
363 169
171 170
16 171
17 171
114 171
170 171
324 171
346 171
39 172
173 172
174 172
39 173
172 173
174 173
39 174
172 174
173 174
281 174
3 175
4 175
14 175
15 175
44 175
45 175
46 175
176 175
3 176
4 176
14 176
15 176
44 176
45 176
46 176
175 176
94 177
96 177
178 177
179 177
94 178
177 178
94 179
177 179
48 180
181 180
182 180
48 181
180 181
182 181
48 182
180 182
181 182
225 182
184 183
185 183
186 183
308 183
309 183
105 184
183 184
185 184
186 184
308 184
309 184
183 185
184 185
186 185
308 185
309 185
183 186
184 186
185 186
90 187
91 187
131 187
7 188
112 188
134 188
6 189
190 189
191 189
192 189
6 190
189 190
6 191
189 191
192 191
6 192
189 192
191 192
55 193
99 193
109 193
144 193
194 193
195 193
55 194
99 194
109 194
193 194
193 195
25 196
25 197
250 197
4 198
199 198
200 198
201 198
202 198
203 198
257 198
198 199
200 199
201 199
4 200
16 200
17 200
198 200
199 200
201 200
202 200
203 200
244 200
251 200
252 200
253 200
257 200
297 200
4 201
198 201
199 201
200 201
202 201
203 201
257 201
198 202
200 202
201 202
4 203
198 203
200 203
201 203
244 203
297 203
167 204
168 204
139 205
206 205
139 206
205 206
374 206
375 206
376 206
18 207
117 208
210 209
211 209
212 209
213 209
214 209
209 210
211 210
212 210
213 210
214 210
209 211
210 211
212 211
213 211
214 211
221 211
222 211
223 211
224 211
209 212
210 212
211 212
213 212
214 212
69 213
118 213
209 213
210 213
211 213
212 213
214 213
302 213
347 213
348 213
349 213
350 213
209 214
210 214
211 214
212 214
213 214
31 215
216 215
217 215
31 216
215 216
217 216
31 217
215 217
216 217
29 218
31 218
32 218
34 218
20 219
22 219
23 219
32 219
220 219
20 220
32 220
219 220
211 221
222 221
223 221
224 221
211 222
221 222
223 222
224 222
211 223
221 223
222 223
224 223
211 224
221 224
222 224
223 224
48 225
182 225
22 226
227 226
22 227
226 227
23 228
139 228
139 229
4 230
25 230
231 230
232 230
233 230
234 230
235 230
236 230
237 230
238 230
239 230
245 230
256 230
296 230
20 231
23 231
230 231
232 231
267 231
20 232
23 232
230 232
231 232
267 232
25 233
124 233
230 233
4 234
230 234
4 235
230 235
236 235
237 235
238 235
239 235
244 235
245 235
246 235
256 235
4 236
230 236
235 236
237 236
4 237
230 237
235 237
236 237
39 238
230 238
235 238
239 238
245 238
256 238
325 238
39 239
230 239
235 239
238 239
245 239
256 239
325 239
40 240
41 240
241 240
242 240
243 240
40 241
41 241
240 241
242 241
243 241
40 242
41 242
240 242
241 242
243 242
40 243
41 243
240 243
241 243
242 243
200 244
203 244
235 244
245 244
246 244
297 244
230 245
235 245
238 245
239 245
244 245
246 245
256 245
235 246
244 246
245 246
66 247
121 247
168 247
3 248
4 248
15 248
0 249
3 249
4 249
15 249
312 249
313 249
25 250
197 250
200 251
252 251
200 252
251 252
4 253
200 253
124 254
255 254
124 255
254 255
230 256
235 256
238 256
239 256
245 256
16 257
17 257
198 257
200 257
201 257
0 258
112 258
130 258
84 259
85 259
87 259
105 259
16 260
17 260
82 261
84 261
85 261
87 261
262 261
82 262
84 262
85 262
87 262
261 262
64 263
264 263
64 264
263 264
298 264
299 264
300 264
301 264
51 265
169 265
266 265
51 266
169 266
265 266
20 267
23 267
231 267
232 267
269 268
270 268
271 268
148 269
149 269
268 269
270 269
271 269
292 269
293 269
149 270
268 270
269 270
293 270
268 271
269 271
25 272
3 273
12 273
41 274
42 274
275 274
276 274
41 275
42 275
274 275
276 275
41 276
42 276
274 276
275 276
14 277
278 277
14 278
277 278
101 279
280 279
359 279
360 279
279 280
39 281
174 281
106 282
283 282
106 283
282 283
66 284
68 284
74 284
94 285
20 286
287 286
20 287
286 287
168 288
289 288
168 289
288 289
290 289
291 289
51 290
168 290
289 290
168 291
289 291
148 292
149 292
269 292
149 293
269 293
270 293
25 294
295 294
25 295
294 295
25 296
230 296
4 297
200 297
203 297
244 297
64 298
264 298
299 298
300 298
301 298
64 299
264 299
298 299
300 299
64 300
264 300
298 300
299 300
64 301
264 301
298 301
69 302
71 302
118 302
213 302
327 302
328 302
347 302
348 302
349 302
350 302
377 302
378 302
37 303
59 303
304 303
356 303
357 303
358 303
37 304
303 304
25 305
31 306
50 306
50 307
94 307
336 307
183 308
184 308
185 308
309 308
183 309
184 309
185 309
308 309
100 310
112 311
113 311
3 312
4 312
15 312
249 312
313 312
3 313
4 313
15 313
249 313
312 313
25 314
315 314
316 314
25 315
314 315
316 315
25 316
314 316
315 316
115 317
318 317
319 317
320 317
115 318
317 318
319 318
320 318
115 319
317 319
318 319
320 319
115 320
317 320
318 320
319 320
50 321
159 321
3 322
15 322
44 322
323 322
3 323
15 323
44 323
322 323
171 324
39 325
238 325
239 325
125 326
126 326
127 326
69 327
302 327
328 327
69 328
302 328
327 328
3 329
125 329
126 329
127 329
331 330
332 330
333 330
334 330
330 331
332 331
333 331
334 331
330 332
331 332
333 332
334 332
14 333
330 333
331 333
332 333
334 333
365 333
366 333
367 333
330 334
331 334
332 334
333 334
169 335
50 336
94 336
307 336
94 337
338 337
94 338
337 338
127 339
340 339
127 340
339 340
7 341
136 341
342 341
7 342
136 342
341 342
7 343
64 344
345 344
64 345
344 345
114 346
171 346
69 347
118 347
213 347
302 347
348 347
349 347
350 347
69 348
118 348
213 348
302 348
347 348
349 348
350 348
69 349
118 349
213 349
302 349
347 349
348 349
350 349
69 350
118 350
213 350
302 350
347 350
348 350
349 350
112 351
134 351
352 351
353 351
354 351
355 351
112 352
134 352
351 352
353 352
354 352
355 352
112 353
134 353
351 353
352 353
354 353
355 353
112 354
134 354
351 354
352 354
353 354
355 354
112 355
134 355
351 355
352 355
353 355
354 355
59 356
303 356
357 356
358 356
59 357
303 357
356 357
358 357
59 358
303 358
356 358
357 358
101 359
279 359
360 359
101 360
279 360
359 360
94 361
96 361
66 362
41 363
51 363
169 363
16 364
17 364
14 365
333 365
366 365
367 365
14 366
333 366
365 366
367 366
14 367
333 367
365 367
366 367
31 368
369 368
31 369
368 369
3 370
15 370
106 371
3 372
4 372
15 372
373 372
3 373
4 373
372 373
206 374
375 374
376 374
206 375
374 375
376 375
206 376
374 376
375 376
69 377
302 377
378 377
69 378
302 378
377 378
