0 1
0 2
0 3
1 0
1 2
1 3
1 20
1 21
1 22
2 0
2 1
2 3
3 0
3 1
3 2
4 5
4 6
4 7
5 4
5 6
5 7
5 8
5 9
5 12
5 13
6 4
6 5
6 9
6 13
7 4
7 5
8 5
8 9
8 10
8 12
9 5
9 6
9 8
9 10
9 12
9 13
9 23
9 26
10 8
10 9
11 20
11 22
11 28
12 5
12 8
12 9
13 5
13 6
13 9
14 23
14 25
14 29
14 30
14 37
14 40
14 41
14 42
14 43
14 54
14 57
14 58
15 16
16 15
16 17
16 18
16 19
16 20
16 27
16 46
17 16
17 18
17 19
18 16
18 17
18 19
19 16
19 17
19 18
19 46
20 1
20 11
20 16
20 21
20 22
20 23
20 24
20 25
20 26
20 27
20 28
20 31
20 32
20 49
20 50
20 51
20 52
20 56
21 1
21 20
21 22
21 31
21 32
22 1
22 11
22 20
22 21
22 23
22 24
22 28
22 31
22 32
23 9
23 14
23 20
23 22
23 24
23 25
23 26
23 28
23 29
23 30
23 37
23 40
23 41
23 42
23 43
23 54
23 57
23 58
24 20
24 22
24 23
24 25
24 26
24 28
25 14
25 20
25 23
25 24
25 26
25 54
26 9
26 20
26 23
26 24
26 25
27 16
27 20
28 11
28 20
28 22
28 23
28 24
29 14
29 23
29 30
30 14
30 23
30 29
31 20
31 21
31 22
31 32
32 20
32 21
32 22
32 31
32 50
32 52
32 56
33 34
33 35
33 36
33 37
33 38
34 33
34 35
34 36
34 37
34 38
35 33
35 34
35 36
35 37
35 38
35 44
35 45
35 47
35 48
36 33
36 34
36 35
36 37
36 38
37 14
37 23
37 33
37 34
37 35
37 36
37 38
37 40
37 41
37 42
37 43
37 54
38 33
38 34
38 35
38 36
38 37
39 53
40 14
40 23
40 37
40 41
40 42
40 43
40 54
41 14
41 23
41 37
41 40
41 42
41 43
41 54
42 14
42 23
42 37
42 40
42 41
42 43
42 54
43 14
43 23
43 37
43 40
43 41
43 42
43 54
44 35
44 45
44 47
44 48
45 35
45 44
45 47
45 48
46 16
46 19
47 35
47 44
47 45
47 48
48 35
48 44
48 45
48 47
49 20
49 50
50 20
50 32
50 49
50 52
50 56
51 20
52 20
52 32
52 50
52 56
53 39
53 54
53 55
54 14
54 23
54 25
54 37
54 40
54 41
54 42
54 43
54 53
54 55
55 53
55 54
56 20
56 32
56 50
56 52
57 14
57 23
57 58
58 14
58 23
58 57
